 0.00673749  0.00207003           0           0
 0.00207003     99.4276 -0.00200251           1
          0 -0.00200251  0.00673749           0
          0           1           0     100.368
  0.00482999     0.282729 -1.20181e-06   0.00283166
    0.282729       57.583 -0.000670828      1.58407
-1.20181e-06 -0.000670828   0.00530987  1.78365e-06
  0.00283166      1.58407  1.78365e-06      100.732
  0.00479081     0.248819 -5.07255e-07   0.00539595
    0.248819      26.0164 -0.000434398      1.90269
-5.07255e-07 -0.000434398   0.00524273  1.80153e-06
  0.00539595      1.90269  1.80153e-06      101.084
  0.00440283     0.177229 -3.73914e-07   0.00846405
    0.177229      12.7806 -0.000414879      2.27274
-3.73914e-07 -0.000414879   0.00523942  1.75598e-06
  0.00846405      2.27274  1.75598e-06      101.422
  0.00395248      0.12699 -4.15865e-07    0.0128945
     0.12699      7.17145 -0.000419777      2.70161
-4.15865e-07 -0.000419777   0.00523925  2.31571e-06
   0.0128945      2.70161  2.31571e-06       101.73
  0.00355931    0.0946602 -4.84111e-07    0.0188279
   0.0946602      4.51149 -0.000425403      3.16205
-4.84111e-07 -0.000425403   0.00523925  3.38259e-06
   0.0188279      3.16205  3.38259e-06      101.986
  0.00323947    0.0735319   -5.472e-07    0.0261938
   0.0735319      3.11502 -0.000429571      3.63696
  -5.472e-07 -0.000429571   0.00523924  4.84938e-06
   0.0261938      3.63696  4.84938e-06      102.158
  0.00298434    0.0593242 -6.00088e-07    0.0348531
   0.0593242      2.32345 -0.000432516      4.11548
-6.00088e-07 -0.000432516   0.00523924  6.65059e-06
   0.0348531      4.11548  6.65059e-06      102.202
  0.00278207    0.0495418 -6.43178e-07    0.0446245
   0.0495418      1.85018   -0.0004346      4.58901
-6.43178e-07   -0.0004346   0.00523924  8.73469e-06
   0.0446245      4.58901  8.73469e-06      102.067
   0.0026224    0.0427098 -6.77823e-07    0.0552864
   0.0427098      1.55781 -0.000436083      5.04919
-6.77823e-07 -0.000436083   0.00523924  1.10484e-05
   0.0552864      5.04919  1.10484e-05      101.692
  0.00249726    0.0379219  -7.0536e-07    0.0665741
   0.0379219      1.37471 -0.000437136      5.48721
 -7.0536e-07 -0.000437136   0.00523924  1.35308e-05
   0.0665741      5.48721  1.35308e-05      101.015
  0.00240034    0.0345954 -7.26932e-07     0.078182
   0.0345954      1.26071 -0.000437876      5.89359
-7.26932e-07 -0.000437876   0.00523924   1.6112e-05
    0.078182      5.89359   1.6112e-05      99.9734
  0.00232664    0.0323362 -7.43502e-07    0.0897705
   0.0323362      1.19169 -0.000438385      6.25852
-7.43502e-07 -0.000438385   0.00523924  1.87141e-05
   0.0897705      6.25852  1.87141e-05      98.5144
  0.00227206    0.0308635 -7.55893e-07     0.100981
   0.0308635      1.15229 -0.000438719      6.57247
-7.55893e-07 -0.000438719   0.00523924  2.12545e-05
    0.100981      6.57247  2.12545e-05       96.599
  0.00223308    0.0299671 -7.64831e-07     0.111456
   0.0299671      1.13211 -0.000438925      6.82705
-7.64831e-07 -0.000438925   0.00523924  2.36505e-05
    0.111456      6.82705  2.36505e-05      94.2093
  0.00220658    0.0294827 -7.70975e-07     0.120869
   0.0294827      1.12383 -0.000439037      7.01585
-7.70975e-07 -0.000439037   0.00523924  2.58253e-05
    0.120869      7.01585  2.58253e-05      91.3531
  0.00218978    0.0292792 -7.74925e-07     0.128945
   0.0292792      1.12215 -0.000439085      7.13521
-7.74925e-07 -0.000439085   0.00523924  2.77141e-05
    0.128945      7.13521  2.77141e-05      88.0653
  0.00218017    0.0292509 -7.77229e-07     0.135488
   0.0292509      1.12321 -0.000439093      7.18466
-7.77229e-07 -0.000439093   0.00523924  2.92688e-05
    0.135488      7.18466  2.92688e-05      84.4056
  0.00217556    0.0293142 -7.78373e-07      0.14039
   0.0293142      1.12429 -0.000439078      7.16695
-7.78373e-07 -0.000439078   0.00523924  3.04616e-05
     0.14039      7.16695  3.04616e-05      80.4535
  0.00217408    0.0294051 -7.78776e-07     0.143636
   0.0294051      1.12358 -0.000439056      7.08776
-7.78776e-07 -0.000439056   0.00523924  3.12854e-05
    0.143636      7.08776  3.12854e-05      76.3008
   0.0021742    0.0294776 -7.78783e-07     0.145294
   0.0294776         1.12 -0.000439036        6.955
-7.78783e-07 -0.000439036   0.00523924  3.17525e-05
    0.145294        6.955  3.17525e-05       72.043
  0.00217476    0.0295013  -7.7866e-07     0.145501
   0.0295013      1.11307 -0.000439027      6.77794
 -7.7866e-07 -0.000439027   0.00523924  3.18907e-05
    0.145501      6.77794  3.18907e-05      67.7715
  0.00217491     0.029459 -7.78601e-07     0.144436
    0.029459      1.10272 -0.000439032      6.56642
-7.78601e-07 -0.000439032   0.00523924  3.17389e-05
    0.144436      6.56642  3.17389e-05      63.5675
  0.00217412    0.0293438 -7.78735e-07     0.142308
   0.0293438      1.08921 -0.000439053      6.33003
-7.78735e-07 -0.000439053   0.00523924  3.13419e-05
    0.142308      6.33003  3.13419e-05      59.4979
  0.00217208    0.0291564 -7.79135e-07     0.139327
   0.0291564      1.07297 -0.000439091       6.0776
-7.79135e-07 -0.000439091   0.00523924  3.07466e-05
    0.139327       6.0776  3.07466e-05      55.6142
  0.00216867    0.0289029 -7.79833e-07     0.135698
   0.0289029      1.05452 -0.000439143       5.8168
-7.79833e-07 -0.000439143   0.00523924  2.99983e-05
    0.135698       5.8168  2.99983e-05      51.9522
  0.00216392     0.028592 -7.80828e-07     0.131605
    0.028592      1.03442 -0.000439208        5.554
-7.80828e-07 -0.000439208   0.00523924  2.91387e-05
    0.131605        5.554  2.91387e-05      48.5334
  0.00215793    0.0282342   -7.821e-07     0.127209
   0.0282342      1.01318 -0.000439284      5.29424
  -7.821e-07 -0.000439284   0.00523924  2.82039e-05
    0.127209      5.29424  2.82039e-05      45.3681
  0.00215086    0.0278401 -7.83614e-07     0.122644
   0.0278401     0.991273 -0.000439369      5.04138
-7.83614e-07 -0.000439369   0.00523924  2.72247e-05
    0.122644      5.04138  2.72247e-05      42.4569
  0.00214291    0.0274196 -7.85331e-07      0.11802
   0.0274196     0.969108 -0.000439459      4.79815
-7.85331e-07 -0.000439459   0.00523924   2.6226e-05
     0.11802      4.79815   2.6226e-05      39.7935
  0.00213425    0.0269818  -7.8721e-07      0.11342
   0.0269818     0.947014 -0.000439554      4.56642
 -7.8721e-07 -0.000439554   0.00523924  2.52277e-05
     0.11342      4.56642  2.52277e-05      37.3671
  0.00212507    0.0265346  -7.8921e-07     0.108911
   0.0265346     0.925258 -0.000439652      4.34732
 -7.8921e-07 -0.000439652   0.00523924  2.42448e-05
    0.108911      4.34732  2.42448e-05      35.1636
  0.00211553    0.0260847 -7.91295e-07      0.10454
   0.0260847     0.904041  -0.00043975      4.14139
-7.91295e-07  -0.00043975   0.00523924  2.32885e-05
     0.10454      4.14139  2.32885e-05      33.1672
  0.00210579    0.0256374 -7.93432e-07     0.100339
   0.0256374     0.883517 -0.000439848      3.94879
-7.93432e-07 -0.000439848   0.00523924  2.23669e-05
    0.100339      3.94879  2.23669e-05      31.3616
  0.00209597    0.0251971 -7.95592e-07    0.0963311
   0.0251971      0.86379 -0.000439945      3.76934
-7.95592e-07 -0.000439945   0.00523924  2.14853e-05
   0.0963311      3.76934  2.14853e-05      29.7304
  0.00208617    0.0247672 -7.97752e-07    0.0925284
   0.0247672     0.844931  -0.00044004      3.60263
-7.97752e-07  -0.00044004   0.00523924   2.0647e-05
   0.0925284      3.60263   2.0647e-05      28.2578
  0.00207648    0.0243501 -7.99892e-07     0.088937
   0.0243501      0.82698 -0.000440132      3.44813
-7.99892e-07 -0.000440132   0.00523924  1.98538e-05
    0.088937      3.44813  1.98538e-05      26.9288
  0.00206698    0.0239477 -8.01995e-07    0.0855577
   0.0239477     0.809955 -0.000440221       3.3052
-8.01995e-07 -0.000440221   0.00523924  1.91061e-05
   0.0855577       3.3052  1.91061e-05      25.7295
   0.0020577    0.0235613  -8.0405e-07    0.0823875
   0.0235613     0.793858 -0.000440307      3.17317
 -8.0405e-07 -0.000440307   0.00523924  1.84036e-05
   0.0823875      3.17317  1.84036e-05      24.6471
  0.00204871    0.0231917 -8.06046e-07    0.0794207
   0.0231917     0.778675 -0.000440389      3.05134
-8.06046e-07 -0.000440389   0.00523924  1.77453e-05
   0.0794207      3.05134  1.77453e-05      23.6699
  0.00204002    0.0228393 -8.07977e-07    0.0766498
   0.0228393     0.764385 -0.000440467        2.939
-8.07977e-07 -0.000440467   0.00523924  1.71297e-05
   0.0766498        2.939  1.71297e-05      22.7872
  0.00203166    0.0225042 -8.09836e-07    0.0740662
   0.0225042     0.750958 -0.000440542      2.83549
-8.09836e-07 -0.000440542   0.00523924  1.65551e-05
   0.0740662      2.83549  1.65551e-05      21.9894
  0.00202364    0.0221864 -8.11621e-07    0.0716605
   0.0221864     0.738362 -0.000440612      2.74015
-8.11621e-07 -0.000440612   0.00523924  1.60195e-05
   0.0716605      2.74015  1.60195e-05       21.268
  0.00201598    0.0218856 -8.13329e-07    0.0694229
   0.0218856     0.726559 -0.000440679      2.65237
-8.13329e-07 -0.000440679   0.00523924  1.55208e-05
   0.0694229      2.65237  1.55208e-05      20.6152
  0.00200867    0.0216015 -8.14959e-07    0.0673437
   0.0216015     0.715513 -0.000440743      2.57155
-8.14959e-07 -0.000440743   0.00523924  1.50571e-05
   0.0673437      2.57155  1.50571e-05      20.0241
  0.00200171    0.0213334 -8.16512e-07    0.0654132
   0.0213334     0.705184 -0.000440803      2.49717
-8.16512e-07 -0.000440803   0.00523924  1.46261e-05
   0.0654132      2.49717  1.46261e-05      19.4886
  0.00199511     0.021081 -8.17987e-07    0.0636219
    0.021081     0.695534 -0.000440859      2.42871
-8.17987e-07 -0.000440859   0.00523924   1.4226e-05
   0.0636219      2.42871   1.4226e-05       19.003
  0.00198885    0.0208435 -8.19387e-07    0.0619608
   0.0208435     0.686525 -0.000440912      2.36571
-8.19387e-07 -0.000440912   0.00523924  1.38547e-05
   0.0619608      2.36571  1.38547e-05      18.5625
  0.00198292    0.0206203 -8.20712e-07    0.0604213
   0.0206203     0.678121 -0.000440962      2.30773
-8.20712e-07 -0.000440962   0.00523924  1.35103e-05
   0.0604213      2.30773  1.35103e-05      18.1626
  0.00197732    0.0204109 -8.21965e-07    0.0589951
   0.0204109     0.670285 -0.000441009      2.25438
-8.21965e-07 -0.000441009   0.00523924  1.31911e-05
   0.0589951      2.25438  1.31911e-05      17.7994
  0.00197204    0.0202144 -8.23148e-07    0.0576744
   0.0202144     0.662983 -0.000441053      2.20528
-8.23148e-07 -0.000441053   0.00523924  1.28953e-05
   0.0576744      2.20528  1.28953e-05      17.4693
  0.00196706    0.0200304 -8.24264e-07    0.0564518
   0.0200304     0.656183 -0.000441094      2.16011
-8.24264e-07 -0.000441094   0.00523924  1.26214e-05
   0.0564518      2.16011  1.26214e-05      17.1693
  0.00196237    0.0198582 -8.25314e-07    0.0553206
   0.0198582     0.649854 -0.000441133      2.11854
-8.25314e-07 -0.000441133   0.00523924  1.23679e-05
   0.0553206      2.11854  1.23679e-05      16.8963
  0.00195797    0.0196971 -8.26303e-07    0.0542743
   0.0196971     0.643965 -0.000441169      2.08029
-8.26303e-07 -0.000441169   0.00523924  1.21332e-05
   0.0542743      2.08029  1.21332e-05      16.6479
  0.00195383    0.0195466 -8.27231e-07    0.0533068
   0.0195466      0.63849 -0.000441203      2.04511
-8.27231e-07 -0.000441203   0.00523924  1.19161e-05
   0.0533068      2.04511  1.19161e-05      16.4218
  0.00194994     0.019406 -8.28103e-07    0.0524126
    0.019406     0.633401 -0.000441234      2.01274
-8.28103e-07 -0.000441234   0.00523924  1.17154e-05
   0.0524126      2.01274  1.17154e-05       16.216
   0.0019463    0.0192748  -8.2892e-07    0.0515863
   0.0192748     0.628674 -0.000441264      1.98297
 -8.2892e-07 -0.000441264   0.00523924  1.15299e-05
   0.0515863      1.98297  1.15299e-05      16.0285
  0.00194289    0.0191525 -8.29686e-07    0.0508231
   0.0191525     0.624285 -0.000441291      1.95559
-8.29686e-07 -0.000441291   0.00523924  1.13585e-05
   0.0508231      1.95559  1.13585e-05      15.8577
   0.0019397    0.0190385 -8.30403e-07    0.0501185
   0.0190385     0.620211 -0.000441317      1.93041
-8.30403e-07 -0.000441317   0.00523924  1.12001e-05
   0.0501185      1.93041  1.12001e-05      15.7021
  0.00193672    0.0189323 -8.31073e-07    0.0494681
   0.0189323     0.616433  -0.00044134      1.90726
-8.31073e-07  -0.00044134   0.00523924  1.10539e-05
   0.0494681      1.90726  1.10539e-05      15.5603
  0.00193393    0.0188335   -8.317e-07    0.0488681
   0.0188335     0.612931 -0.000441363      1.88599
  -8.317e-07 -0.000441363   0.00523924   1.0919e-05
   0.0488681      1.88599   1.0919e-05       15.431
  0.00193133    0.0187417 -8.32284e-07    0.0483147
   0.0187417     0.609685 -0.000441383      1.86644
-8.32284e-07 -0.000441383   0.00523924  1.07946e-05
   0.0483147      1.86644  1.07946e-05      15.3133
  0.00192891    0.0186563  -8.3283e-07    0.0478046
   0.0186563     0.606679 -0.000441403      1.84847
 -8.3283e-07 -0.000441403   0.00523924  1.06798e-05
   0.0478046      1.84847  1.06798e-05      15.2059
  0.00192665     0.018577 -8.33338e-07    0.0473345
    0.018577     0.603897  -0.00044142      1.83198
-8.33338e-07  -0.00044142   0.00523924   1.0574e-05
   0.0473345      1.83198   1.0574e-05      15.1081
  0.00192455    0.0185035 -8.33812e-07    0.0469016
   0.0185035     0.601323 -0.000441437      1.81683
-8.33812e-07 -0.000441437   0.00523924  1.04766e-05
   0.0469016      1.81683  1.04766e-05       15.019
  0.00192259    0.0184352 -8.34252e-07     0.046503
   0.0184352     0.598943 -0.000441452      1.80293
-8.34252e-07 -0.000441452   0.00523924  1.03868e-05
    0.046503      1.80293  1.03868e-05      14.9378
  0.00192077     0.018372 -8.34662e-07    0.0461362
    0.018372     0.596743 -0.000441467      1.79017
-8.34662e-07 -0.000441467   0.00523924  1.03042e-05
   0.0461362      1.79017  1.03042e-05      14.8638
  0.00191908    0.0183134 -8.35042e-07    0.0457988
   0.0183134     0.594712  -0.00044148      1.77847
-8.35042e-07  -0.00044148   0.00523924  1.02282e-05
   0.0457988      1.77847  1.02282e-05      14.7964
  0.00191752    0.0182592 -8.35395e-07    0.0454886
   0.0182592     0.592837 -0.000441492      1.76774
-8.35395e-07 -0.000441492   0.00523924  1.01583e-05
   0.0454886      1.76774  1.01583e-05       14.735
  0.00191606     0.018209 -8.35723e-07    0.0452035
    0.018209     0.591107 -0.000441503      1.75791
-8.35723e-07 -0.000441503   0.00523924  1.00941e-05
   0.0452035      1.75791  1.00941e-05      14.6791
  0.00191472    0.0181627 -8.36026e-07    0.0449417
   0.0181627     0.589512 -0.000441514       1.7489
-8.36026e-07 -0.000441514   0.00523924  1.00351e-05
   0.0449417       1.7489  1.00351e-05      14.6283
  0.00191347    0.0181199 -8.36308e-07    0.0447014
   0.0181199     0.588042 -0.000441523      1.74065
-8.36308e-07 -0.000441523   0.00523924  9.98092e-06
   0.0447014      1.74065  9.98092e-06       14.582
  0.00191231    0.0180803 -8.36568e-07    0.0444809
   0.0180803     0.586688 -0.000441532       1.7331
-8.36568e-07 -0.000441532   0.00523924   9.9312e-06
   0.0444809       1.7331   9.9312e-06      14.5398
  0.00191125    0.0180439 -8.36808e-07    0.0442787
   0.0180439     0.585442 -0.000441541      1.72619
-8.36808e-07 -0.000441541   0.00523924  9.88559e-06
   0.0442787      1.72619  9.88559e-06      14.5015
  0.00191026    0.0180103 -8.37031e-07    0.0440933
   0.0180103     0.584296 -0.000441548      1.71987
-8.37031e-07 -0.000441548   0.00523924  9.84378e-06
   0.0440933      1.71987  9.84378e-06      14.4667
  0.00190935    0.0179793 -8.37236e-07    0.0439235
   0.0179793     0.583242 -0.000441555      1.71409
-8.37236e-07 -0.000441555   0.00523924  9.80547e-06
   0.0439235      1.71409  9.80547e-06       14.435
  0.00190851    0.0179508 -8.37426e-07     0.043768
   0.0179508     0.582274 -0.000441562      1.70881
-8.37426e-07 -0.000441562   0.00523924  9.77039e-06
    0.043768      1.70881  9.77039e-06      14.4062
  0.00190774    0.0179245   -8.376e-07    0.0436257
   0.0179245     0.581385 -0.000441567      1.70399
  -8.376e-07 -0.000441567   0.00523924  9.73828e-06
   0.0436257      1.70399  9.73828e-06      14.3801
  0.00190702    0.0179004 -8.37761e-07    0.0434956
   0.0179004     0.580569 -0.000441573      1.69959
-8.37761e-07 -0.000441573   0.00523924  9.70891e-06
   0.0434956      1.69959  9.70891e-06      14.3563
  0.00190637    0.0178782  -8.3791e-07    0.0433767
   0.0178782     0.579821 -0.000441578      1.69558
 -8.3791e-07 -0.000441578   0.00523924  9.68206e-06
   0.0433767      1.69558  9.68206e-06      14.3348
  0.00190576    0.0178579 -8.38046e-07     0.043268
   0.0178579     0.579135 -0.000441582      1.69191
-8.38046e-07 -0.000441582   0.00523924  9.65752e-06
    0.043268      1.69191  9.65752e-06      14.3153
  0.00190521    0.0178392 -8.38172e-07    0.0431687
   0.0178392     0.578507 -0.000441587      1.68858
-8.38172e-07 -0.000441587   0.00523924  9.63511e-06
   0.0431687      1.68858  9.63511e-06      14.2975
   0.0019047    0.0178221 -8.38287e-07    0.0430782
   0.0178221     0.577932 -0.000441591      1.68554
-8.38287e-07 -0.000441591   0.00523924  9.61466e-06
   0.0430782      1.68554  9.61466e-06      14.2815
  0.00190423    0.0178064 -8.38393e-07    0.0429956
   0.0178064     0.577406 -0.000441594      1.68277
-8.38393e-07 -0.000441594   0.00523924    9.596e-06
   0.0429956      1.68277    9.596e-06      14.2669
   0.0019038     0.017792  -8.3849e-07    0.0429203
    0.017792     0.576925 -0.000441597      1.68025
 -8.3849e-07 -0.000441597   0.00523924  9.57899e-06
   0.0429203      1.68025  9.57899e-06      14.2537
   0.0019034    0.0177788 -8.38579e-07    0.0428517
   0.0177788     0.576485   -0.0004416      1.67796
-8.38579e-07   -0.0004416   0.00523924  9.56349e-06
   0.0428517      1.67796  9.56349e-06      14.2418
  0.00190304    0.0177668  -8.3866e-07    0.0427892
   0.0177668     0.576084 -0.000441603      1.67588
 -8.3866e-07 -0.000441603   0.00523924  9.54938e-06
   0.0427892      1.67588  9.54938e-06      14.2309
  0.00190271    0.0177558 -8.38735e-07    0.0427323
   0.0177558     0.575717 -0.000441606      1.67398
-8.38735e-07 -0.000441606   0.00523924  9.53653e-06
   0.0427323      1.67398  9.53653e-06      14.2212
  0.00190241    0.0177457 -8.38803e-07    0.0426806
   0.0177457     0.575383 -0.000441608      1.67226
-8.38803e-07 -0.000441608   0.00523924  9.52484e-06
   0.0426806      1.67226  9.52484e-06      14.2123
  0.00190213    0.0177365 -8.38866e-07    0.0426336
   0.0177365     0.575078  -0.00044161       1.6707
-8.38866e-07  -0.00044161   0.00523924  9.51422e-06
   0.0426336       1.6707  9.51422e-06      14.2043
  0.00190188    0.0177282 -8.38923e-07    0.0425909
   0.0177282       0.5748 -0.000441612      1.66929
-8.38923e-07 -0.000441612   0.00523924  9.50456e-06
   0.0425909      1.66929  9.50456e-06      14.1971
  0.00190165    0.0177205 -8.38975e-07    0.0425521
   0.0177205     0.574547 -0.000441614        1.668
-8.38975e-07 -0.000441614   0.00523924  9.49579e-06
   0.0425521        1.668  9.49579e-06      14.1906
  0.00190144    0.0177136 -8.39023e-07    0.0425169
   0.0177136     0.574317 -0.000441615      1.66684
-8.39023e-07 -0.000441615   0.00523924  9.48783e-06
   0.0425169      1.66684  9.48783e-06      14.1847
  0.00190125    0.0177072 -8.39066e-07     0.042485
   0.0177072     0.574108 -0.000441617      1.66579
-8.39066e-07 -0.000441617   0.00523924  9.48061e-06
    0.042485      1.66579  9.48061e-06      14.1794
  0.00190107    0.0177014 -8.39106e-07     0.042456
   0.0177014     0.573917 -0.000441618      1.66483
-8.39106e-07 -0.000441618   0.00523924  9.47406e-06
    0.042456      1.66483  9.47406e-06      14.1746
  0.00190091    0.0176962 -8.39142e-07    0.0424298
   0.0176962     0.573745 -0.000441619      1.66397
-8.39142e-07 -0.000441619   0.00523924  9.46813e-06
   0.0424298      1.66397  9.46813e-06      14.1703
  0.00190077    0.0176914 -8.39175e-07    0.0424061
   0.0176914     0.573587  -0.00044162      1.66319
-8.39175e-07  -0.00044162   0.00523924  9.46276e-06
   0.0424061      1.66319  9.46276e-06      14.1665
  0.00190063    0.0176871 -8.39205e-07    0.0423846
   0.0176871     0.573445 -0.000441621      1.66248
-8.39205e-07 -0.000441621   0.00523924   9.4579e-06
   0.0423846      1.66248   9.4579e-06       14.163
  0.00190051    0.0176831 -8.39232e-07    0.0423651
   0.0176831     0.573316 -0.000441622      1.66184
-8.39232e-07 -0.000441622   0.00523924   9.4535e-06
   0.0423651      1.66184   9.4535e-06      14.1598
  0.00190041    0.0176795 -8.39257e-07    0.0423475
   0.0176795     0.573199 -0.000441623      1.66127
-8.39257e-07 -0.000441623   0.00523924  9.44952e-06
   0.0423475      1.66127  9.44952e-06       14.157
  0.00190031    0.0176763 -8.39279e-07    0.0423317
   0.0176763     0.573092 -0.000441624      1.66075
-8.39279e-07 -0.000441624   0.00523924  9.44592e-06
   0.0423317      1.66075  9.44592e-06      14.1544
  0.00190022    0.0176734   -8.393e-07    0.0423173
   0.0176734     0.572996 -0.000441624      1.66028
  -8.393e-07 -0.000441624   0.00523924  9.44268e-06
   0.0423173      1.66028  9.44268e-06      14.1522
  0.00190013    0.0176707 -8.39318e-07    0.0423044
   0.0176707     0.572909 -0.000441625      1.65986
-8.39318e-07 -0.000441625   0.00523924  9.43974e-06
   0.0423044      1.65986  9.43974e-06      14.1501
  0.00190006    0.0176683 -8.39335e-07    0.0422927
   0.0176683     0.572831 -0.000441625      1.65948
-8.39335e-07 -0.000441625   0.00523924   9.4371e-06
   0.0422927      1.65948   9.4371e-06      14.1483
  0.00189999    0.0176661  -8.3935e-07    0.0422821
   0.0176661     0.572759 -0.000441626      1.65913
 -8.3935e-07 -0.000441626   0.00523924  9.43471e-06
   0.0422821      1.65913  9.43471e-06      14.1466
  0.00189993    0.0176641 -8.39364e-07    0.0422726
   0.0176641     0.572695 -0.000441626      1.65883
-8.39364e-07 -0.000441626   0.00523924  9.43256e-06
   0.0422726      1.65883  9.43256e-06      14.1451
  0.00189988    0.0176623 -8.39377e-07    0.0422641
   0.0176623     0.572637 -0.000441627      1.65855
-8.39377e-07 -0.000441627   0.00523924  9.43063e-06
   0.0422641      1.65855  9.43063e-06      14.1438
  0.00189983    0.0176607 -8.39388e-07    0.0422564
   0.0176607     0.572585 -0.000441627       1.6583
-8.39388e-07 -0.000441627   0.00523924  9.42888e-06
   0.0422564       1.6583  9.42888e-06      14.1426
  0.00189978    0.0176592 -8.39398e-07    0.0422495
   0.0176592     0.572537 -0.000441627      1.65807
-8.39398e-07 -0.000441627   0.00523924  9.42731e-06
   0.0422495      1.65807  9.42731e-06      14.1416
  0.00189974    0.0176579 -8.39407e-07    0.0422432
   0.0176579     0.572495 -0.000441628      1.65787
-8.39407e-07 -0.000441628   0.00523924   9.4259e-06
   0.0422432      1.65787   9.4259e-06      14.1406
   0.0018997    0.0176567 -8.39416e-07    0.0422376
   0.0176567     0.572456 -0.000441628      1.65769
-8.39416e-07 -0.000441628   0.00523924  9.42463e-06
   0.0422376      1.65769  9.42463e-06      14.1397
  0.00189967    0.0176557 -8.39423e-07    0.0422326
   0.0176557     0.572422 -0.000441628      1.65753
-8.39423e-07 -0.000441628   0.00523924  9.42349e-06
   0.0422326      1.65753  9.42349e-06       14.139
  0.00189964    0.0176547  -8.3943e-07    0.0422281
   0.0176547     0.572391 -0.000441628      1.65738
 -8.3943e-07 -0.000441628   0.00523924  9.42247e-06
   0.0422281      1.65738  9.42247e-06      14.1383
  0.00189961    0.0176538 -8.39436e-07     0.042224
   0.0176538     0.572363 -0.000441629      1.65725
-8.39436e-07 -0.000441629   0.00523924  9.42155e-06
    0.042224      1.65725  9.42155e-06      14.1377
  0.00189959    0.0176531 -8.39441e-07    0.0422204
   0.0176531     0.572338 -0.000441629      1.65714
-8.39441e-07 -0.000441629   0.00523924  9.42073e-06
   0.0422204      1.65714  9.42073e-06      14.1371
  0.00189957    0.0176523 -8.39446e-07    0.0422171
   0.0176523     0.572315 -0.000441629      1.65703
-8.39446e-07 -0.000441629   0.00523924  9.41999e-06
   0.0422171      1.65703  9.41999e-06      14.1367
  0.00189955    0.0176517 -8.39451e-07    0.0422142
   0.0176517     0.572295 -0.000441629      1.65694
-8.39451e-07 -0.000441629   0.00523924  9.41933e-06
   0.0422142      1.65694  9.41933e-06      14.1362
  0.00189953    0.0176511 -8.39455e-07    0.0422116
   0.0176511     0.572276 -0.000441629      1.65685
-8.39455e-07 -0.000441629   0.00523924  9.41874e-06
   0.0422116      1.65685  9.41874e-06      14.1358
  0.00189951    0.0176506 -8.39459e-07    0.0422092
   0.0176506      0.57226 -0.000441629      1.65678
-8.39459e-07 -0.000441629   0.00523924   9.4182e-06
   0.0422092      1.65678   9.4182e-06      14.1355
   0.0018995    0.0176502 -8.39462e-07    0.0422072
   0.0176502     0.572245 -0.000441629      1.65671
-8.39462e-07 -0.000441629   0.00523924  9.41773e-06
   0.0422072      1.65671  9.41773e-06      14.1352
  0.00189949    0.0176498 -8.39465e-07    0.0422053
   0.0176498     0.572232  -0.00044163      1.65665
-8.39465e-07  -0.00044163   0.00523924   9.4173e-06
   0.0422053      1.65665   9.4173e-06      14.1349
  0.00189948    0.0176494 -8.39467e-07    0.0422036
   0.0176494      0.57222  -0.00044163       1.6566
-8.39467e-07  -0.00044163   0.00523924  9.41693e-06
   0.0422036       1.6566  9.41693e-06      14.1347
 0.00189947   0.0176491 -8.3947e-07   0.0422021
  0.0176491     0.57221 -0.00044163     1.65655
-8.3947e-07 -0.00044163  0.00523924 9.41659e-06
  0.0422021     1.65655 9.41659e-06     14.1345
  0.00189946    0.0176488 -8.39472e-07    0.0422008
   0.0176488       0.5722  -0.00044163      1.65651
-8.39472e-07  -0.00044163   0.00523924  9.41628e-06
   0.0422008      1.65651  9.41628e-06      14.1343
  0.00189945    0.0176485 -8.39474e-07    0.0421996
   0.0176485     0.572192  -0.00044163      1.65647
-8.39474e-07  -0.00044163   0.00523924  9.41601e-06
   0.0421996      1.65647  9.41601e-06      14.1341
  0.00189944    0.0176483 -8.39475e-07    0.0421985
   0.0176483     0.572184  -0.00044163      1.65644
-8.39475e-07  -0.00044163   0.00523924  9.41577e-06
   0.0421985      1.65644  9.41577e-06       14.134
  0.00189943     0.017648 -8.39477e-07    0.0421976
    0.017648     0.572177  -0.00044163      1.65641
-8.39477e-07  -0.00044163   0.00523924  9.41556e-06
   0.0421976      1.65641  9.41556e-06      14.1338
  0.00189943    0.0176479 -8.39478e-07    0.0421967
   0.0176479     0.572171  -0.00044163      1.65638
-8.39478e-07  -0.00044163   0.00523924  9.41537e-06
   0.0421967      1.65638  9.41537e-06      14.1337
 0.00189942   0.0176477 -8.3948e-07    0.042196
  0.0176477    0.572166 -0.00044163     1.65636
-8.3948e-07 -0.00044163  0.00523924  9.4152e-06
   0.042196     1.65636  9.4152e-06     14.1336
  0.00189942    0.0176475 -8.39481e-07    0.0421953
   0.0176475     0.572161  -0.00044163      1.65633
-8.39481e-07  -0.00044163   0.00523924  9.41505e-06
   0.0421953      1.65633  9.41505e-06      14.1335
  0.00189941    0.0176474 -8.39482e-07    0.0421947
   0.0176474     0.572157  -0.00044163      1.65632
-8.39482e-07  -0.00044163   0.00523924  9.41491e-06
   0.0421947      1.65632  9.41491e-06      14.1334
  0.00189941    0.0176473 -8.39482e-07    0.0421942
   0.0176473     0.572153  -0.00044163       1.6563
-8.39482e-07  -0.00044163   0.00523924  9.41479e-06
   0.0421942       1.6563  9.41479e-06      14.1334
  0.00189941    0.0176472 -8.39483e-07    0.0421937
   0.0176472      0.57215  -0.00044163      1.65628
-8.39483e-07  -0.00044163   0.00523924  9.41468e-06
   0.0421937      1.65628  9.41468e-06      14.1333
   0.0018994    0.0176471 -8.39484e-07    0.0421933
   0.0176471     0.572147  -0.00044163      1.65627
-8.39484e-07  -0.00044163   0.00523924  9.41459e-06
   0.0421933      1.65627  9.41459e-06      14.1332
   0.0018994     0.017647 -8.39485e-07    0.0421929
    0.017647     0.572144  -0.00044163      1.65626
-8.39485e-07  -0.00044163   0.00523924  9.41451e-06
   0.0421929      1.65626  9.41451e-06      14.1332
   0.0018994    0.0176469 -8.39485e-07    0.0421926
   0.0176469     0.572141  -0.00044163      1.65625
-8.39485e-07  -0.00044163   0.00523924  9.41443e-06
   0.0421926      1.65625  9.41443e-06      14.1331
   0.0018994    0.0176468 -8.39486e-07    0.0421923
   0.0176468     0.572139  -0.00044163      1.65624
-8.39486e-07  -0.00044163   0.00523924  9.41437e-06
   0.0421923      1.65624  9.41437e-06      14.1331
  0.00189939    0.0176468 -8.39486e-07    0.0421921
   0.0176468     0.572137  -0.00044163      1.65623
-8.39486e-07  -0.00044163   0.00523924  9.41431e-06
   0.0421921      1.65623  9.41431e-06      14.1331
  0.00189939    0.0176467 -8.39486e-07    0.0421918
   0.0176467     0.572136  -0.00044163      1.65623
-8.39486e-07  -0.00044163   0.00523924  9.41426e-06
   0.0421918      1.65623  9.41426e-06       14.133
  0.00189939    0.0176467 -8.39487e-07    0.0421916
   0.0176467     0.572134  -0.00044163      1.65622
-8.39487e-07  -0.00044163   0.00523924  9.41421e-06
   0.0421916      1.65622  9.41421e-06       14.133
  0.00189939    0.0176466 -8.39487e-07    0.0421915
   0.0176466     0.572133  -0.00044163      1.65621
-8.39487e-07  -0.00044163   0.00523924  9.41417e-06
   0.0421915      1.65621  9.41417e-06       14.133
  0.00189939    0.0176466 -8.39487e-07    0.0421913
   0.0176466     0.572132  -0.00044163      1.65621
-8.39487e-07  -0.00044163   0.00523924  9.41413e-06
   0.0421913      1.65621  9.41413e-06       14.133
  0.00189939    0.0176466 -8.39488e-07    0.0421912
   0.0176466     0.572131  -0.00044163       1.6562
-8.39488e-07  -0.00044163   0.00523924   9.4141e-06
   0.0421912       1.6562   9.4141e-06      14.1329
  0.00189939    0.0176465 -8.39488e-07     0.042191
   0.0176465      0.57213  -0.00044163       1.6562
-8.39488e-07  -0.00044163   0.00523924  9.41407e-06
    0.042191       1.6562  9.41407e-06      14.1329
  0.00189938    0.0176465 -8.39488e-07    0.0421909
   0.0176465     0.572129  -0.00044163       1.6562
-8.39488e-07  -0.00044163   0.00523924  9.41405e-06
   0.0421909       1.6562  9.41405e-06      14.1329
  0.00189938    0.0176465 -8.39488e-07    0.0421908
   0.0176465     0.572128  -0.00044163      1.65619
-8.39488e-07  -0.00044163   0.00523924  9.41403e-06
   0.0421908      1.65619  9.41403e-06      14.1329
  0.00189938    0.0176465 -8.39488e-07    0.0421908
   0.0176465     0.572128  -0.00044163      1.65619
-8.39488e-07  -0.00044163   0.00523924  9.41401e-06
   0.0421908      1.65619  9.41401e-06      14.1329
  0.00189938    0.0176464 -8.39488e-07    0.0421907
   0.0176464     0.572127  -0.00044163      1.65619
-8.39488e-07  -0.00044163   0.00523924  9.41399e-06
   0.0421907      1.65619  9.41399e-06      14.1329
  0.00189938    0.0176464 -8.39489e-07    0.0421906
   0.0176464     0.572127  -0.00044163      1.65619
-8.39489e-07  -0.00044163   0.00523924  9.41398e-06
   0.0421906      1.65619  9.41398e-06      14.1329
  0.00189938    0.0176464 -8.39489e-07    0.0421906
   0.0176464     0.572126  -0.00044163      1.65619
-8.39489e-07  -0.00044163   0.00523924  9.41396e-06
   0.0421906      1.65619  9.41396e-06      14.1329
  0.00189938    0.0176464 -8.39489e-07    0.0421905
   0.0176464     0.572126  -0.00044163      1.65618
-8.39489e-07  -0.00044163   0.00523924  9.41395e-06
   0.0421905      1.65618  9.41395e-06      14.1329
  0.00189938    0.0176464 -8.39489e-07    0.0421905
   0.0176464     0.572125  -0.00044163      1.65618
-8.39489e-07  -0.00044163   0.00523924  9.41394e-06
   0.0421905      1.65618  9.41394e-06      14.1329
  0.00189938    0.0176464 -8.39489e-07    0.0421904
   0.0176464     0.572125  -0.00044163      1.65618
-8.39489e-07  -0.00044163   0.00523924  9.41393e-06
   0.0421904      1.65618  9.41393e-06      14.1329
  0.00189938    0.0176464 -8.39489e-07    0.0421904
   0.0176464     0.572125  -0.00044163      1.65618
-8.39489e-07  -0.00044163   0.00523924  9.41393e-06
   0.0421904      1.65618  9.41393e-06      14.1328
  0.00189938    0.0176464 -8.39489e-07    0.0421904
   0.0176464     0.572125  -0.00044163      1.65618
-8.39489e-07  -0.00044163   0.00523924  9.41392e-06
   0.0421904      1.65618  9.41392e-06      14.1328
  0.00189938    0.0176464 -8.39489e-07    0.0421903
   0.0176464     0.572124  -0.00044163      1.65618
-8.39489e-07  -0.00044163   0.00523924  9.41391e-06
   0.0421903      1.65618  9.41391e-06      14.1328
  0.00189938    0.0176464 -8.39489e-07    0.0421903
   0.0176464     0.572124  -0.00044163      1.65618
-8.39489e-07  -0.00044163   0.00523924  9.41391e-06
   0.0421903      1.65618  9.41391e-06      14.1328
  0.00189938    0.0176464 -8.39489e-07    0.0421903
   0.0176464     0.572124  -0.00044163      1.65618
-8.39489e-07  -0.00044163   0.00523924   9.4139e-06
   0.0421903      1.65618   9.4139e-06      14.1328
  0.00189938    0.0176463 -8.39489e-07    0.0421903
   0.0176463     0.572124  -0.00044163      1.65618
-8.39489e-07  -0.00044163   0.00523924   9.4139e-06
   0.0421903      1.65618   9.4139e-06      14.1328
  0.00189938    0.0176463 -8.39489e-07    0.0421903
   0.0176463     0.572124  -0.00044163      1.65618
-8.39489e-07  -0.00044163   0.00523924   9.4139e-06
   0.0421903      1.65618   9.4139e-06      14.1328
  0.00189938    0.0176463 -8.39489e-07    0.0421902
   0.0176463     0.572124  -0.00044163      1.65618
-8.39489e-07  -0.00044163   0.00523924  9.41389e-06
   0.0421902      1.65618  9.41389e-06      14.1328
  0.00189938    0.0176463 -8.39489e-07    0.0421902
   0.0176463     0.572124  -0.00044163      1.65618
-8.39489e-07  -0.00044163   0.00523924  9.41389e-06
   0.0421902      1.65618  9.41389e-06      14.1328
  0.00189938    0.0176463 -8.39489e-07    0.0421902
   0.0176463     0.572124  -0.00044163      1.65618
-8.39489e-07  -0.00044163   0.00523924  9.41389e-06
   0.0421902      1.65618  9.41389e-06      14.1328
  0.00189938    0.0176463 -8.39489e-07    0.0421902
   0.0176463     0.572123  -0.00044163      1.65617
-8.39489e-07  -0.00044163   0.00523924  9.41389e-06
   0.0421902      1.65617  9.41389e-06      14.1328
  0.00189938    0.0176463 -8.39489e-07    0.0421902
   0.0176463     0.572123  -0.00044163      1.65617
-8.39489e-07  -0.00044163   0.00523924  9.41389e-06
   0.0421902      1.65617  9.41389e-06      14.1328
  0.00189938    0.0176463 -8.39489e-07    0.0421902
   0.0176463     0.572123  -0.00044163      1.65617
-8.39489e-07  -0.00044163   0.00523924  9.41388e-06
   0.0421902      1.65617  9.41388e-06      14.1328
  0.00189938    0.0176463 -8.39489e-07    0.0421902
   0.0176463     0.572123  -0.00044163      1.65617
-8.39489e-07  -0.00044163   0.00523924  9.41388e-06
   0.0421902      1.65617  9.41388e-06      14.1328
  0.00189938    0.0176463 -8.39489e-07    0.0421902
   0.0176463     0.572123  -0.00044163      1.65617
-8.39489e-07  -0.00044163   0.00523924  9.41388e-06
   0.0421902      1.65617  9.41388e-06      14.1328
  0.00189938    0.0176463 -8.39489e-07    0.0421902
   0.0176463     0.572123  -0.00044163      1.65617
-8.39489e-07  -0.00044163   0.00523924  9.41388e-06
   0.0421902      1.65617  9.41388e-06      14.1328
  0.00189938    0.0176463 -8.39489e-07    0.0421902
   0.0176463     0.572123  -0.00044163      1.65617
-8.39489e-07  -0.00044163   0.00523924  9.41388e-06
   0.0421902      1.65617  9.41388e-06      14.1328
  0.00189938    0.0176463 -8.39489e-07    0.0421902
   0.0176463     0.572123  -0.00044163      1.65617
-8.39489e-07  -0.00044163   0.00523924  9.41388e-06
   0.0421902      1.65617  9.41388e-06      14.1328
  0.00189938    0.0176463 -8.39489e-07    0.0421902
   0.0176463     0.572123  -0.00044163      1.65617
-8.39489e-07  -0.00044163   0.00523924  9.41388e-06
   0.0421902      1.65617  9.41388e-06      14.1328
  0.00189938    0.0176463 -8.39489e-07    0.0421902
   0.0176463     0.572123  -0.00044163      1.65617
-8.39489e-07  -0.00044163   0.00523924  9.41388e-06
   0.0421902      1.65617  9.41388e-06      14.1328
  0.00189938    0.0176463 -8.39489e-07    0.0421902
   0.0176463     0.572123  -0.00044163      1.65617
-8.39489e-07  -0.00044163   0.00523924  9.41388e-06
   0.0421902      1.65617  9.41388e-06      14.1328
  0.00189938    0.0176463 -8.39489e-07    0.0421902
   0.0176463     0.572123  -0.00044163      1.65617
-8.39489e-07  -0.00044163   0.00523924  9.41388e-06
   0.0421902      1.65617  9.41388e-06      14.1328
  0.00189938    0.0176463 -8.39489e-07    0.0421902
   0.0176463     0.572123  -0.00044163      1.65617
-8.39489e-07  -0.00044163   0.00523924  9.41388e-06
   0.0421902      1.65617  9.41388e-06      14.1328
  0.00189938    0.0176463 -8.39489e-07    0.0421902
   0.0176463     0.572123  -0.00044163      1.65617
-8.39489e-07  -0.00044163   0.00523924  9.41388e-06
   0.0421902      1.65617  9.41388e-06      14.1328
  0.00189938    0.0176463 -8.39489e-07    0.0421902
   0.0176463     0.572123  -0.00044163      1.65617
-8.39489e-07  -0.00044163   0.00523924  9.41388e-06
   0.0421902      1.65617  9.41388e-06      14.1328
  0.00189938    0.0176463 -8.39489e-07    0.0421902
   0.0176463     0.572123  -0.00044163      1.65617
-8.39489e-07  -0.00044163   0.00523924  9.41388e-06
   0.0421902      1.65617  9.41388e-06      14.1328
  0.00189938    0.0176463 -8.39489e-07    0.0421902
   0.0176463     0.572123  -0.00044163      1.65617
-8.39489e-07  -0.00044163   0.00523924  9.41388e-06
   0.0421902      1.65617  9.41388e-06      14.1328
  0.00189938    0.0176463 -8.39489e-07    0.0421902
   0.0176463     0.572123  -0.00044163      1.65617
-8.39489e-07  -0.00044163   0.00523924  9.41388e-06
   0.0421902      1.65617  9.41388e-06      14.1328
  0.00189938    0.0176463 -8.39489e-07    0.0421902
   0.0176463     0.572123  -0.00044163      1.65617
-8.39489e-07  -0.00044163   0.00523924  9.41388e-06
   0.0421902      1.65617  9.41388e-06      14.1328
  0.00189938    0.0176463 -8.39489e-07    0.0421902
   0.0176463     0.572123  -0.00044163      1.65617
-8.39489e-07  -0.00044163   0.00523924  9.41388e-06
   0.0421902      1.65617  9.41388e-06      14.1328
  0.00189938    0.0176463 -8.39489e-07    0.0421902
   0.0176463     0.572123  -0.00044163      1.65617
-8.39489e-07  -0.00044163   0.00523924  9.41388e-06
   0.0421902      1.65617  9.41388e-06      14.1328
  0.00189938    0.0176463 -8.39489e-07    0.0421902
   0.0176463     0.572123  -0.00044163      1.65617
-8.39489e-07  -0.00044163   0.00523924  9.41388e-06
   0.0421902      1.65617  9.41388e-06      14.1328
  0.00189938    0.0176463 -8.39489e-07    0.0421902
   0.0176463     0.572123  -0.00044163      1.65617
-8.39489e-07  -0.00044163   0.00523924  9.41388e-06
   0.0421902      1.65617  9.41388e-06      14.1328
  0.00189938    0.0176463 -8.39489e-07    0.0421902
   0.0176463     0.572123  -0.00044163      1.65617
-8.39489e-07  -0.00044163   0.00523924  9.41388e-06
   0.0421902      1.65617  9.41388e-06      14.1328
  0.00189938    0.0176463 -8.39489e-07    0.0421902
   0.0176463     0.572123  -0.00044163      1.65617
-8.39489e-07  -0.00044163   0.00523924  9.41388e-06
   0.0421902      1.65617  9.41388e-06      14.1328
  0.00189938    0.0176463 -8.39489e-07    0.0421902
   0.0176463     0.572123  -0.00044163      1.65617
-8.39489e-07  -0.00044163   0.00523924  9.41388e-06
   0.0421902      1.65617  9.41388e-06      14.1328
  0.00189938    0.0176463 -8.39489e-07    0.0421902
   0.0176463     0.572123  -0.00044163      1.65617
-8.39489e-07  -0.00044163   0.00523924  9.41388e-06
   0.0421902      1.65617  9.41388e-06      14.1328
  0.00189938    0.0176463 -8.39489e-07    0.0421902
   0.0176463     0.572123  -0.00044163      1.65617
-8.39489e-07  -0.00044163   0.00523924  9.41388e-06
   0.0421902      1.65617  9.41388e-06      14.1328
  0.00189938    0.0176463 -8.39489e-07    0.0421902
   0.0176463     0.572123  -0.00044163      1.65617
-8.39489e-07  -0.00044163   0.00523924  9.41388e-06
   0.0421902      1.65617  9.41388e-06      14.1328
  0.00189938    0.0176463 -8.39489e-07    0.0421902
   0.0176463     0.572123  -0.00044163      1.65617
