0.000335462 0.000103068           0           0
0.000103068      99.428 -0.00544275           1
          0 -0.00544275   0.0183123           0
          0           1           0     100.368
 0.000325187    0.0304667 -5.55784e-07  0.000306325
   0.0304667      9.15052  -0.00198125      1.09548
-5.55784e-07  -0.00198125      0.01221  1.65677e-05
 0.000306325      1.09548  1.65677e-05      100.727
0.000290814   0.0162742 -1.0166e-06  0.00149879
  0.0162742     3.28867 -0.00173358     1.55653
-1.0166e-06 -0.00173358   0.0114472 4.03389e-05
 0.00149879     1.55653 4.03389e-05     101.044
 0.000265828    0.0102688 -1.45126e-06   0.00354212
   0.0102688      1.84511  -0.00174272      2.04506
-1.45126e-06  -0.00174272    0.0113382  8.91887e-05
  0.00354212      2.04506  8.91887e-05      101.232
 0.000250635   0.00735162 -1.82271e-06   0.00606699
  0.00735162      1.28496   -0.0017942      2.53262
-1.82271e-06   -0.0017942    0.0113223  0.000164416
  0.00606699      2.53262  0.000164416      101.166
 0.000241455    0.0057771 -2.11549e-06   0.00879745
   0.0057771      1.01496  -0.00184042      3.00542
-2.11549e-06  -0.00184042      0.01132  0.000260769
  0.00879745      3.00542  0.000260769       100.71
 0.000235822   0.00487361 -2.32801e-06    0.0115399
  0.00487361     0.870119  -0.00187371      3.45065
-2.32801e-06  -0.00187371    0.0113197  0.000369224
   0.0115399      3.45065  0.000369224      99.7418
 0.000232335   0.00434193 -2.47354e-06    0.0141556
  0.00434193     0.789144  -0.00189573      3.85544
-2.47354e-06  -0.00189573    0.0113196  0.000480556
   0.0141556      3.85544  0.000480556      98.1667
0.000230192  0.00403133 -2.5688e-06   0.0165409
 0.00403133    0.744241  -0.0019095     4.20779
-2.5688e-06  -0.0019095   0.0113196 0.000587184
  0.0165409     4.20779 0.000587184     95.9355
 0.000228911   0.00385737 -2.62831e-06    0.0186189
  0.00385737     0.720731  -0.00191759      4.49792
-2.62831e-06  -0.00191759    0.0113196  0.000683558
   0.0186189      4.49792  0.000683558      93.0499
 0.000228189   0.00376835 -2.66327e-06    0.0203374
  0.00376835     0.709914  -0.00192191       4.7194
-2.66327e-06  -0.00192191    0.0113196  0.000766009
   0.0203374       4.7194  0.000766009      89.5621
 0.000227821   0.00373047 -2.68198e-06    0.0216692
  0.00373047     0.706228  -0.00192386      4.86995
-2.68198e-06  -0.00192386    0.0113196  0.000832497
   0.0216692      4.86995  0.000832497      85.5678
0.000227667  0.00372084 -2.6905e-06    0.022612
 0.00372084     0.70599 -0.00192443      4.9514
-2.6905e-06 -0.00192443   0.0113196 0.000882365
   0.022612      4.9514 0.000882365     81.1924
0.000227629  0.00372393 -2.6932e-06   0.0231849
 0.00372393    0.706776 -0.00192432     4.96921
-2.6932e-06 -0.00192432   0.0113196 0.000916088
  0.0231849     4.96921 0.000916088     76.5754
 0.000227639   0.00372949 -2.69314e-06     0.023424
  0.00372949     0.707064    -0.001924      4.93148
-2.69314e-06    -0.001924    0.0113196  0.000934985
    0.023424      4.93148  0.000934985      71.8545
 0.000227655   0.00373123 -2.69235e-06    0.0233762
  0.00373123     0.705991  -0.00192378      4.84776
-2.69235e-06  -0.00192378    0.0113196  0.000940923
   0.0233762      4.84776  0.000940923      67.1536
 0.000227649    0.0037257 -2.69213e-06    0.0230931
   0.0037257     0.703163  -0.00192382      4.72804
-2.69213e-06  -0.00192382    0.0113196   0.00093604
   0.0230931      4.72804   0.00093604      62.5751
 0.000227608    0.0037115 -2.69319e-06     0.022626
   0.0037115     0.698507  -0.00192421      4.58188
-2.69319e-06  -0.00192421    0.0113196  0.000922517
    0.022626      4.58188  0.000922517      58.1964
 0.000227526   0.00368854 -2.69584e-06    0.0220226
  0.00368854      0.69215  -0.00192496      4.41782
-2.69584e-06  -0.00192496    0.0113196  0.000902408
   0.0220226      4.41782  0.000902408       54.071
 0.000227404   0.00365757 -2.70014e-06    0.0213246
  0.00365757      0.68433  -0.00192606      4.24311
-2.70014e-06  -0.00192606    0.0113196  0.000877542
   0.0213246      4.24311  0.000877542      50.2306
 0.000227246   0.00361979 -2.70597e-06    0.0205671
  0.00361979     0.675331  -0.00192745      4.06363
-2.70597e-06  -0.00192745    0.0113196  0.000849473
   0.0205671      4.06363  0.000849473      46.6896
 0.000227057   0.00357652 -2.71314e-06    0.0197782
  0.00357652     0.665446   -0.0019291      3.88396
-2.71314e-06   -0.0019291    0.0113196  0.000819472
   0.0197782      3.88396  0.000819472       43.449
 0.000226843   0.00352913 -2.72141e-06    0.0189801
  0.00352913     0.654946  -0.00193093       3.7075
-2.72141e-06  -0.00193093    0.0113196  0.000788546
   0.0189801       3.7075  0.000788546      40.5003
  0.00022661   0.00347885 -2.73053e-06    0.0181891
  0.00347885     0.644072   -0.0019329      3.53669
-2.73053e-06   -0.0019329    0.0113196  0.000757466
   0.0181891      3.53669  0.000757466      37.8288
 0.000226365   0.00342678 -2.74027e-06    0.0174173
  0.00342678     0.633026  -0.00193497      3.37316
-2.74027e-06  -0.00193497    0.0113196  0.000726808
   0.0174173      3.37316  0.000726808       35.416
 0.000226112   0.00337384 -2.75042e-06    0.0166732
  0.00337384     0.621976  -0.00193709      3.21794
-2.75042e-06  -0.00193709    0.0113196  0.000696984
   0.0166732      3.21794  0.000696984      33.2416
 0.000225854   0.00332081 -2.76081e-06    0.0159621
  0.00332081     0.611052  -0.00193923      3.07158
-2.76081e-06  -0.00193923    0.0113196  0.000668277
   0.0159621      3.07158  0.000668277       31.285
 0.000225596   0.00326828 -2.77129e-06    0.0152875
  0.00326828     0.600358  -0.00194136      2.93428
-2.77129e-06  -0.00194136    0.0113196  0.000640873
   0.0152875      2.93428  0.000640873      29.5257
 0.000225341   0.00321674 -2.78172e-06    0.0146508
  0.00321674     0.589968  -0.00194347        2.806
-2.78172e-06  -0.00194347    0.0113196  0.000614878
   0.0146508        2.806  0.000614878      27.9444
 0.000225089   0.00316654 -2.79202e-06    0.0140527
  0.00316654     0.579937  -0.00194553      2.68652
-2.79202e-06  -0.00194553    0.0113196  0.000590344
   0.0140527      2.68652  0.000590344       26.523
 0.000224844   0.00311796 -2.80211e-06    0.0134927
  0.00311796     0.570304  -0.00194753       2.5755
-2.80211e-06  -0.00194753    0.0113196  0.000567281
   0.0134927       2.5755  0.000567281      25.2451
 0.000224607   0.00307118 -2.81193e-06    0.0129698
  0.00307118     0.561091  -0.00194946      2.47254
-2.81193e-06  -0.00194946    0.0113196  0.000545669
   0.0129698      2.47254  0.000545669      24.0956
 0.000224378   0.00302632 -2.82143e-06    0.0124825
  0.00302632     0.552312  -0.00195132      2.37719
-2.82143e-06  -0.00195132    0.0113196  0.000525467
   0.0124825      2.37719  0.000525467      23.0608
 0.000224157   0.00298346 -2.83058e-06    0.0120291
  0.00298346      0.54397   -0.0019531      2.28898
-2.83058e-06   -0.0019531    0.0113196  0.000506622
   0.0120291      2.28898  0.000506622      22.1287
 0.000223947   0.00294263 -2.83937e-06     0.011608
  0.00294263     0.536065   -0.0019548      2.20744
-2.83937e-06   -0.0019548    0.0113196   0.00048907
    0.011608      2.20744   0.00048907      21.2882
 0.000223745   0.00290384 -2.84778e-06    0.0112171
  0.00290384     0.528588  -0.00195642      2.13212
-2.84778e-06  -0.00195642    0.0113196  0.000472743
   0.0112171      2.13212  0.000472743      20.5298
0.000223554  0.00286707 -2.8558e-06   0.0108547
 0.00286707    0.521531 -0.00195796     2.06257
-2.8558e-06 -0.00195796   0.0113196 0.000457573
  0.0108547     2.06257 0.000457573     19.8448
 0.000223372   0.00283227 -2.86343e-06    0.0105189
  0.00283227     0.514878  -0.00195942      1.99837
-2.86343e-06  -0.00195942    0.0113196  0.000443489
   0.0105189      1.99837  0.000443489      19.2256
 0.000223199    0.0027994 -2.87068e-06    0.0102078
   0.0027994     0.508617   -0.0019608      1.93913
-2.87068e-06   -0.0019608    0.0113196  0.000430422
   0.0102078      1.93913  0.000430422      18.6653
 0.000223036    0.0027684 -2.87755e-06   0.00991991
   0.0027684     0.502731  -0.00196211      1.88447
-2.87755e-06  -0.00196211    0.0113196  0.000418305
  0.00991991      1.88447  0.000418305      18.1579
 0.000222881   0.00273919 -2.88405e-06   0.00965345
  0.00273919     0.497204  -0.00196334      1.83404
-2.88405e-06  -0.00196334    0.0113196  0.000407076
  0.00965345      1.83404  0.000407076       17.698
0.000222736  0.00271171 -2.8902e-06  0.00940695
 0.00271171    0.492018  -0.0019645     1.78753
-2.8902e-06  -0.0019645   0.0113196 0.000396674
 0.00940695     1.78753 0.000396674     17.2809
0.000222599  0.00268588  -2.896e-06  0.00917897
 0.00268588    0.487157 -0.00196559     1.74462
 -2.896e-06 -0.00196559   0.0113196 0.000387041
 0.00917897     1.74462 0.000387041     16.9023
 0.000222469   0.00266164 -2.90146e-06   0.00896816
  0.00266164     0.482605  -0.00196662      1.70505
-2.90146e-06  -0.00196662    0.0113196  0.000378123
  0.00896816      1.70505  0.000378123      16.5584
0.000222348  0.00263889 -2.9066e-06  0.00877328
 0.00263889    0.478345 -0.00196758     1.66855
-2.9066e-06 -0.00196758   0.0113196 0.000369869
 0.00877328     1.66855 0.000369869     16.2458
 0.000222234   0.00261757 -2.91144e-06   0.00859317
  0.00261757     0.474362  -0.00196848       1.6349
-2.91144e-06  -0.00196848    0.0113196  0.000362233
  0.00859317       1.6349  0.000362233      15.9615
 0.000222127   0.00259761 -2.91598e-06   0.00842674
  0.00259761     0.470639  -0.00196933      1.60386
-2.91598e-06  -0.00196933    0.0113196   0.00035517
  0.00842674      1.60386   0.00035517      15.7028
 0.000222026   0.00257893 -2.92025e-06   0.00827297
  0.00257893     0.467162  -0.00197012      1.57525
-2.92025e-06  -0.00197012    0.0113196  0.000348639
  0.00827297      1.57525  0.000348639      15.4673
 0.000221932   0.00256146 -2.92424e-06   0.00813095
  0.00256146     0.463917  -0.00197087      1.54886
-2.92424e-06  -0.00197087    0.0113196  0.000342601
  0.00813095      1.54886  0.000342601      15.2529
 0.000221844   0.00254514 -2.92799e-06    0.0079998
  0.00254514      0.46089  -0.00197156      1.52454
-2.92799e-06  -0.00197156    0.0113196   0.00033702
   0.0079998      1.52454   0.00033702      15.0575
0.000221762   0.0025299 -2.9315e-06  0.00787871
  0.0025299    0.458069 -0.00197221     1.50213
-2.9315e-06 -0.00197221   0.0113196 0.000331864
 0.00787871     1.50213 0.000331864     14.8794
 0.000221685   0.00251568 -2.93477e-06   0.00776695
  0.00251568     0.455441  -0.00197282      1.48147
-2.93477e-06  -0.00197282    0.0113196  0.000327102
  0.00776695      1.48147  0.000327102      14.7171
 0.000221613   0.00250242 -2.93784e-06   0.00766382
  0.00250242     0.452994  -0.00197338      1.46244
-2.93784e-06  -0.00197338    0.0113196  0.000322704
  0.00766382      1.46244  0.000322704      14.5691
0.000221546  0.00249006 -2.9407e-06  0.00756868
 0.00249006    0.450717 -0.00197391     1.44491
-2.9407e-06 -0.00197391   0.0113196 0.000318644
 0.00756868     1.44491 0.000318644     14.4341
 0.000221484   0.00247856 -2.94337e-06   0.00748094
  0.00247856       0.4486   -0.0019744      1.42876
-2.94337e-06   -0.0019744    0.0113196  0.000314898
  0.00748094      1.42876  0.000314898       14.311
 0.000221426   0.00246785 -2.94586e-06   0.00740005
  0.00246785     0.446632  -0.00197486      1.41389
-2.94586e-06  -0.00197486    0.0113196  0.000311442
  0.00740005      1.41389  0.000311442      14.1986
 0.000221371   0.00245789 -2.94817e-06   0.00732549
  0.00245789     0.444804  -0.00197528      1.40021
-2.94817e-06  -0.00197528    0.0113196  0.000308255
  0.00732549      1.40021  0.000308255      14.0962
 0.000221321   0.00244864 -2.95033e-06   0.00725679
  0.00244864     0.443108  -0.00197568      1.38761
-2.95033e-06  -0.00197568    0.0113196  0.000305316
  0.00725679      1.38761  0.000305316      14.0027
 0.000221274   0.00244004 -2.95234e-06   0.00719352
  0.00244004     0.441533  -0.00197605      1.37602
-2.95234e-06  -0.00197605    0.0113196  0.000302609
  0.00719352      1.37602  0.000302609      13.9174
  0.00022123   0.00243207 -2.95421e-06   0.00713526
  0.00243207     0.440074  -0.00197639      1.36537
-2.95421e-06  -0.00197639    0.0113196  0.000300114
  0.00713526      1.36537  0.000300114      13.8396
  0.00022119   0.00242466 -2.95594e-06   0.00708164
  0.00242466     0.438721   -0.0019767      1.35557
-2.95594e-06   -0.0019767    0.0113196  0.000297818
  0.00708164      1.35557  0.000297818      13.7686
 0.000221152    0.0024178 -2.95755e-06   0.00703231
   0.0024178     0.437469    -0.001977      1.34656
-2.95755e-06    -0.001977    0.0113196  0.000295703
  0.00703231      1.34656  0.000295703      13.7039
 0.000221117   0.00241145 -2.95905e-06   0.00698694
  0.00241145     0.436309  -0.00197727      1.33829
-2.95905e-06  -0.00197727    0.0113196  0.000293758
  0.00698694      1.33829  0.000293758      13.6448
 0.000221085   0.00240556 -2.96043e-06   0.00694524
  0.00240556     0.435237  -0.00197752      1.33069
-2.96043e-06  -0.00197752    0.0113196  0.000291969
  0.00694524      1.33069  0.000291969       13.591
 0.000221055   0.00240011 -2.96172e-06   0.00690691
  0.00240011     0.434245  -0.00197776      1.32371
-2.96172e-06  -0.00197776    0.0113196  0.000290325
  0.00690691      1.32371  0.000290325      13.5419
 0.000221027   0.00239508 -2.96291e-06    0.0068717
  0.00239508     0.433329  -0.00197797      1.31731
-2.96291e-06  -0.00197797    0.0113196  0.000288814
   0.0068717      1.31731  0.000288814      13.4971
 0.000221002   0.00239042 -2.96401e-06   0.00683938
  0.00239042     0.432483  -0.00197817      1.31143
-2.96401e-06  -0.00197817    0.0113196  0.000287425
  0.00683938      1.31143  0.000287425      13.4563
 0.000220978   0.00238612 -2.96502e-06   0.00680971
  0.00238612     0.431702  -0.00197836      1.30604
-2.96502e-06  -0.00197836    0.0113196  0.000286151
  0.00680971      1.30604  0.000286151      13.4191
 0.000220956   0.00238215 -2.96596e-06    0.0067825
  0.00238215     0.430982  -0.00197853       1.3011
-2.96596e-06  -0.00197853    0.0113196  0.000284982
   0.0067825       1.3011  0.000284982      13.3853
 0.000220936   0.00237849 -2.96683e-06   0.00675754
  0.00237849     0.430318  -0.00197869      1.29658
-2.96683e-06  -0.00197869    0.0113196  0.000283909
  0.00675754      1.29658  0.000283909      13.3544
 0.000220917   0.00237512 -2.96763e-06   0.00673467
  0.00237512     0.429707  -0.00197883      1.29244
-2.96763e-06  -0.00197883    0.0113196  0.000282925
  0.00673467      1.29244  0.000282925      13.3263
   0.0002209   0.00237201 -2.96837e-06   0.00671371
  0.00237201     0.429144  -0.00197896      1.28864
-2.96837e-06  -0.00197896    0.0113196  0.000282024
  0.00671371      1.28864  0.000282024      13.3008
 0.000220884   0.00236914 -2.96905e-06   0.00669452
  0.00236914     0.428625  -0.00197909      1.28517
-2.96905e-06  -0.00197909    0.0113196  0.000281198
  0.00669452      1.28517  0.000281198      13.2775
  0.00022087   0.00236651 -2.96968e-06   0.00667696
  0.00236651     0.428149   -0.0019792      1.28199
-2.96968e-06   -0.0019792    0.0113196  0.000280442
  0.00667696      1.28199  0.000280442      13.2563
 0.000220856   0.00236409 -2.97026e-06   0.00666089
  0.00236409     0.427711  -0.00197931      1.27909
-2.97026e-06  -0.00197931    0.0113196   0.00027975
  0.00666089      1.27909   0.00027975      13.2371
 0.000220844   0.00236186 -2.97079e-06   0.00664619
  0.00236186     0.427308   -0.0019794      1.27643
-2.97079e-06   -0.0019794    0.0113196  0.000279117
  0.00664619      1.27643  0.000279117      13.2196
 0.000220833   0.00235981 -2.97128e-06   0.00663276
  0.00235981     0.426939  -0.00197949      1.27401
-2.97128e-06  -0.00197949    0.0113196  0.000278539
  0.00663276      1.27401  0.000278539      13.2037
 0.000220822   0.00235793 -2.97173e-06   0.00662048
  0.00235793       0.4266  -0.00197957       1.2718
-2.97173e-06  -0.00197957    0.0113196   0.00027801
  0.00662048       1.2718   0.00027801      13.1892
 0.000220813    0.0023562 -2.97214e-06   0.00660927
   0.0023562     0.426289  -0.00197965      1.26977
-2.97214e-06  -0.00197965    0.0113196  0.000277527
  0.00660927      1.26977  0.000277527      13.1761
 0.000220804   0.00235462 -2.97252e-06   0.00659904
  0.00235462     0.426004  -0.00197971      1.26793
-2.97252e-06  -0.00197971    0.0113196  0.000277086
  0.00659904      1.26793  0.000277086      13.1642
 0.000220796   0.00235317 -2.97286e-06   0.00658971
  0.00235317     0.425742  -0.00197978      1.26625
-2.97286e-06  -0.00197978    0.0113196  0.000276683
  0.00658971      1.26625  0.000276683      13.1533
 0.000220789   0.00235184 -2.97318e-06   0.00658119
  0.00235184     0.425503  -0.00197983      1.26472
-2.97318e-06  -0.00197983    0.0113196  0.000276316
  0.00658119      1.26472  0.000276316      13.1435
 0.000220782   0.00235063 -2.97347e-06   0.00657343
  0.00235063     0.425284  -0.00197989      1.26332
-2.97347e-06  -0.00197989    0.0113196  0.000275981
  0.00657343      1.26332  0.000275981      13.1346
 0.000220776   0.00234951 -2.97374e-06   0.00656636
  0.00234951     0.425084  -0.00197993      1.26205
-2.97374e-06  -0.00197993    0.0113196  0.000275676
  0.00656636      1.26205  0.000275676      13.1265
  0.00022077    0.0023485 -2.97399e-06   0.00655992
   0.0023485     0.424901  -0.00197998      1.26089
-2.97399e-06  -0.00197998    0.0113196  0.000275398
  0.00655992      1.26089  0.000275398      13.1192
 0.000220765   0.00234756 -2.97421e-06   0.00655405
  0.00234756     0.424734  -0.00198002      1.25984
-2.97421e-06  -0.00198002    0.0113196  0.000275145
  0.00655405      1.25984  0.000275145      13.1126
  0.00022076   0.00234671 -2.97441e-06   0.00654872
  0.00234671     0.424581  -0.00198005      1.25888
-2.97441e-06  -0.00198005    0.0113196  0.000274914
  0.00654872      1.25888  0.000274914      13.1066
0.000220756  0.00234594 -2.9746e-06  0.00654387
 0.00234594    0.424442 -0.00198009     1.25801
-2.9746e-06 -0.00198009   0.0113196 0.000274705
 0.00654387     1.25801 0.000274705     13.1011
 0.000220752   0.00234523 -2.97477e-06   0.00653945
  0.00234523     0.424315  -0.00198012      1.25722
-2.97477e-06  -0.00198012    0.0113196  0.000274514
  0.00653945      1.25722  0.000274514      13.0962
 0.000220748   0.00234458 -2.97493e-06   0.00653544
  0.00234458     0.424199  -0.00198015       1.2565
-2.97493e-06  -0.00198015    0.0113196  0.000274341
  0.00653544       1.2565  0.000274341      13.0917
 0.000220745   0.00234399 -2.97507e-06    0.0065318
  0.00234399     0.424093  -0.00198017      1.25585
-2.97507e-06  -0.00198017    0.0113196  0.000274184
   0.0065318      1.25585  0.000274184      13.0877
0.000220742  0.00234345 -2.9752e-06  0.00652849
 0.00234345    0.423997  -0.0019802     1.25525
-2.9752e-06  -0.0019802   0.0113196 0.000274041
 0.00652849     1.25525 0.000274041     13.0841
 0.000220739   0.00234296 -2.97532e-06   0.00652549
  0.00234296     0.423909  -0.00198022      1.25472
-2.97532e-06  -0.00198022    0.0113196  0.000273911
  0.00652549      1.25472  0.000273911      13.0808
 0.000220737   0.00234252 -2.97543e-06   0.00652277
  0.00234252     0.423829  -0.00198024      1.25423
-2.97543e-06  -0.00198024    0.0113196  0.000273793
  0.00652277      1.25423  0.000273793      13.0778
 0.000220734   0.00234211 -2.97552e-06    0.0065203
  0.00234211     0.423756  -0.00198025      1.25379
-2.97552e-06  -0.00198025    0.0113196  0.000273687
   0.0065203      1.25379  0.000273687      13.0751
 0.000220732   0.00234174 -2.97561e-06   0.00651806
  0.00234174      0.42369  -0.00198027      1.25339
-2.97561e-06  -0.00198027    0.0113196   0.00027359
  0.00651806      1.25339   0.00027359      13.0727
  0.00022073   0.00234141 -2.97569e-06   0.00651603
  0.00234141      0.42363  -0.00198028      1.25302
-2.97569e-06  -0.00198028    0.0113196  0.000273502
  0.00651603      1.25302  0.000273502      13.0705
 0.000220729    0.0023411 -2.97577e-06    0.0065142
   0.0023411     0.423576   -0.0019803       1.2527
-2.97577e-06   -0.0019803    0.0113196  0.000273422
   0.0065142       1.2527  0.000273422      13.0685
 0.000220727   0.00234082 -2.97584e-06   0.00651253
  0.00234082     0.423526  -0.00198031       1.2524
-2.97584e-06  -0.00198031    0.0113196  0.000273351
  0.00651253       1.2524  0.000273351      13.0667
0.000220726  0.00234057 -2.9759e-06  0.00651103
 0.00234057    0.423481 -0.00198032     1.25213
-2.9759e-06 -0.00198032   0.0113196 0.000273285
 0.00651103     1.25213 0.000273285     13.0651
 0.000220724   0.00234034 -2.97595e-06   0.00650967
  0.00234034      0.42344  -0.00198033      1.25189
-2.97595e-06  -0.00198033    0.0113196  0.000273226
  0.00650967      1.25189  0.000273226      13.0637
0.000220723  0.00234013  -2.976e-06  0.00650844
 0.00234013    0.423403 -0.00198034     1.25167
 -2.976e-06 -0.00198034   0.0113196 0.000273173
 0.00650844     1.25167 0.000273173     13.0624
 0.000220722   0.00233995 -2.97605e-06   0.00650732
  0.00233995      0.42337  -0.00198035      1.25147
-2.97605e-06  -0.00198035    0.0113196  0.000273125
  0.00650732      1.25147  0.000273125      13.0612
 0.000220721   0.00233978 -2.97609e-06   0.00650632
  0.00233978     0.423339  -0.00198035      1.25129
-2.97609e-06  -0.00198035    0.0113196  0.000273081
  0.00650632      1.25129  0.000273081      13.0602
  0.00022072   0.00233962 -2.97613e-06   0.00650541
  0.00233962     0.423312  -0.00198036      1.25113
-2.97613e-06  -0.00198036    0.0113196  0.000273042
  0.00650541      1.25113  0.000273042      13.0592
  0.00022072   0.00233948 -2.97616e-06   0.00650459
  0.00233948     0.423287  -0.00198037      1.25098
-2.97616e-06  -0.00198037    0.0113196  0.000273007
  0.00650459      1.25098  0.000273007      13.0583
 0.000220719   0.00233936 -2.97619e-06   0.00650385
  0.00233936     0.423264  -0.00198037      1.25085
-2.97619e-06  -0.00198037    0.0113196  0.000272975
  0.00650385      1.25085  0.000272975      13.0576
 0.000220718   0.00233924 -2.97622e-06   0.00650318
  0.00233924     0.423244  -0.00198038      1.25073
-2.97622e-06  -0.00198038    0.0113196  0.000272946
  0.00650318      1.25073  0.000272946      13.0569
 0.000220718   0.00233914 -2.97624e-06   0.00650258
  0.00233914     0.423225  -0.00198038      1.25062
-2.97624e-06  -0.00198038    0.0113196  0.000272919
  0.00650258      1.25062  0.000272919      13.0563
 0.000220717   0.00233904 -2.97627e-06   0.00650204
  0.00233904     0.423209  -0.00198039      1.25053
-2.97627e-06  -0.00198039    0.0113196  0.000272896
  0.00650204      1.25053  0.000272896      13.0557
 0.000220717   0.00233896 -2.97629e-06   0.00650155
  0.00233896     0.423194  -0.00198039      1.25044
-2.97629e-06  -0.00198039    0.0113196  0.000272875
  0.00650155      1.25044  0.000272875      13.0552
 0.000220716   0.00233888 -2.97631e-06   0.00650111
  0.00233888      0.42318  -0.00198039      1.25036
-2.97631e-06  -0.00198039    0.0113196  0.000272856
  0.00650111      1.25036  0.000272856      13.0547
 0.000220716   0.00233881 -2.97632e-06   0.00650071
  0.00233881     0.423168   -0.0019804      1.25029
-2.97632e-06   -0.0019804    0.0113196  0.000272838
  0.00650071      1.25029  0.000272838      13.0543
 0.000220716   0.00233875 -2.97634e-06   0.00650035
  0.00233875     0.423156   -0.0019804      1.25023
-2.97634e-06   -0.0019804    0.0113196  0.000272823
  0.00650035      1.25023  0.000272823       13.054
 0.000220715   0.00233869 -2.97635e-06   0.00650003
  0.00233869     0.423146   -0.0019804      1.25017
-2.97635e-06   -0.0019804    0.0113196  0.000272809
  0.00650003      1.25017  0.000272809      13.0537
 0.000220715   0.00233864 -2.97637e-06   0.00649974
  0.00233864     0.423137   -0.0019804      1.25012
-2.97637e-06   -0.0019804    0.0113196  0.000272796
  0.00649974      1.25012  0.000272796      13.0534
 0.000220715    0.0023386 -2.97638e-06   0.00649948
   0.0023386     0.423129  -0.00198041      1.25007
-2.97638e-06  -0.00198041    0.0113196  0.000272785
  0.00649948      1.25007  0.000272785      13.0531
 0.000220714   0.00233856 -2.97639e-06   0.00649925
  0.00233856     0.423122  -0.00198041      1.25003
-2.97639e-06  -0.00198041    0.0113196  0.000272775
  0.00649925      1.25003  0.000272775      13.0529
0.000220714  0.00233852 -2.9764e-06  0.00649904
 0.00233852    0.423115 -0.00198041     1.24999
-2.9764e-06 -0.00198041   0.0113196 0.000272766
 0.00649904     1.24999 0.000272766     13.0527
0.000220714  0.00233848 -2.9764e-06  0.00649885
 0.00233848    0.423109 -0.00198041     1.24996
-2.9764e-06 -0.00198041   0.0113196 0.000272758
 0.00649885     1.24996 0.000272758     13.0525
 0.000220714   0.00233845 -2.97641e-06   0.00649868
  0.00233845     0.423104  -0.00198041      1.24993
-2.97641e-06  -0.00198041    0.0113196   0.00027275
  0.00649868      1.24993   0.00027275      13.0523
 0.000220714   0.00233843 -2.97642e-06   0.00649853
  0.00233843     0.423099  -0.00198041       1.2499
-2.97642e-06  -0.00198041    0.0113196  0.000272744
  0.00649853       1.2499  0.000272744      13.0522
 0.000220714    0.0023384 -2.97642e-06   0.00649839
   0.0023384     0.423095  -0.00198041      1.24988
-2.97642e-06  -0.00198041    0.0113196  0.000272738
  0.00649839      1.24988  0.000272738       13.052
 0.000220713   0.00233838 -2.97643e-06   0.00649827
  0.00233838     0.423091  -0.00198042      1.24986
-2.97643e-06  -0.00198042    0.0113196  0.000272733
  0.00649827      1.24986  0.000272733      13.0519
 0.000220713   0.00233836 -2.97643e-06   0.00649816
  0.00233836     0.423087  -0.00198042      1.24984
-2.97643e-06  -0.00198042    0.0113196  0.000272728
  0.00649816      1.24984  0.000272728      13.0518
 0.000220713   0.00233834 -2.97644e-06   0.00649806
  0.00233834     0.423084  -0.00198042      1.24982
-2.97644e-06  -0.00198042    0.0113196  0.000272724
  0.00649806      1.24982  0.000272724      13.0517
 0.000220713   0.00233833 -2.97644e-06   0.00649797
  0.00233833     0.423081  -0.00198042      1.24981
-2.97644e-06  -0.00198042    0.0113196   0.00027272
  0.00649797      1.24981   0.00027272      13.0516
 0.000220713   0.00233831 -2.97645e-06   0.00649789
  0.00233831     0.423079  -0.00198042      1.24979
-2.97645e-06  -0.00198042    0.0113196  0.000272716
  0.00649789      1.24979  0.000272716      13.0515
 0.000220713    0.0023383 -2.97645e-06   0.00649782
   0.0023383     0.423077  -0.00198042      1.24978
-2.97645e-06  -0.00198042    0.0113196  0.000272713
  0.00649782      1.24978  0.000272713      13.0515
 0.000220713   0.00233829 -2.97645e-06   0.00649776
  0.00233829     0.423075  -0.00198042      1.24977
-2.97645e-06  -0.00198042    0.0113196   0.00027271
  0.00649776      1.24977   0.00027271      13.0514
 0.000220713   0.00233828 -2.97645e-06    0.0064977
  0.00233828     0.423073  -0.00198042      1.24976
-2.97645e-06  -0.00198042    0.0113196  0.000272708
   0.0064977      1.24976  0.000272708      13.0513
 0.000220713   0.00233827 -2.97646e-06   0.00649765
  0.00233827     0.423071  -0.00198042      1.24975
-2.97646e-06  -0.00198042    0.0113196  0.000272706
  0.00649765      1.24975  0.000272706      13.0513
 0.000220713   0.00233826 -2.97646e-06   0.00649761
  0.00233826      0.42307  -0.00198042      1.24974
-2.97646e-06  -0.00198042    0.0113196  0.000272704
  0.00649761      1.24974  0.000272704      13.0513
 0.000220713   0.00233825 -2.97646e-06   0.00649757
  0.00233825     0.423068  -0.00198042      1.24973
-2.97646e-06  -0.00198042    0.0113196  0.000272702
  0.00649757      1.24973  0.000272702      13.0512
 0.000220713   0.00233825 -2.97646e-06   0.00649753
  0.00233825     0.423067  -0.00198042      1.24973
-2.97646e-06  -0.00198042    0.0113196  0.000272701
  0.00649753      1.24973  0.000272701      13.0512
 0.000220713   0.00233824 -2.97646e-06    0.0064975
  0.00233824     0.423066  -0.00198042      1.24972
-2.97646e-06  -0.00198042    0.0113196  0.000272699
   0.0064975      1.24972  0.000272699      13.0511
 0.000220713   0.00233823 -2.97647e-06   0.00649747
  0.00233823     0.423065  -0.00198042      1.24972
-2.97647e-06  -0.00198042    0.0113196  0.000272698
  0.00649747      1.24972  0.000272698      13.0511
 0.000220713   0.00233823 -2.97647e-06   0.00649745
  0.00233823     0.423064  -0.00198042      1.24971
-2.97647e-06  -0.00198042    0.0113196  0.000272697
  0.00649745      1.24971  0.000272697      13.0511
 0.000220713   0.00233823 -2.97647e-06   0.00649742
  0.00233823     0.423063  -0.00198042      1.24971
-2.97647e-06  -0.00198042    0.0113196  0.000272696
  0.00649742      1.24971  0.000272696      13.0511
 0.000220713   0.00233822 -2.97647e-06    0.0064974
  0.00233822     0.423063  -0.00198042       1.2497
-2.97647e-06  -0.00198042    0.0113196  0.000272695
   0.0064974       1.2497  0.000272695      13.0511
 0.000220713   0.00233822 -2.97647e-06   0.00649738
  0.00233822     0.423062  -0.00198042       1.2497
-2.97647e-06  -0.00198042    0.0113196  0.000272694
  0.00649738       1.2497  0.000272694       13.051
 0.000220712   0.00233821 -2.97647e-06   0.00649737
  0.00233821     0.423062  -0.00198042       1.2497
-2.97647e-06  -0.00198042    0.0113196  0.000272693
  0.00649737       1.2497  0.000272693       13.051
 0.000220712   0.00233821 -2.97647e-06   0.00649735
  0.00233821     0.423061  -0.00198042       1.2497
-2.97647e-06  -0.00198042    0.0113196  0.000272693
  0.00649735       1.2497  0.000272693       13.051
 0.000220712   0.00233821 -2.97647e-06   0.00649734
  0.00233821     0.423061  -0.00198042      1.24969
-2.97647e-06  -0.00198042    0.0113196  0.000272692
  0.00649734      1.24969  0.000272692       13.051
 0.000220712   0.00233821 -2.97647e-06   0.00649733
  0.00233821      0.42306  -0.00198042      1.24969
-2.97647e-06  -0.00198042    0.0113196  0.000272692
  0.00649733      1.24969  0.000272692       13.051
 0.000220712   0.00233821 -2.97647e-06   0.00649732
  0.00233821      0.42306  -0.00198042      1.24969
-2.97647e-06  -0.00198042    0.0113196  0.000272691
  0.00649732      1.24969  0.000272691       13.051
 0.000220712    0.0023382 -2.97647e-06   0.00649731
   0.0023382      0.42306  -0.00198042      1.24969
-2.97647e-06  -0.00198042    0.0113196  0.000272691
  0.00649731      1.24969  0.000272691       13.051
 0.000220712    0.0023382 -2.97647e-06    0.0064973
   0.0023382     0.423059  -0.00198042      1.24969
-2.97647e-06  -0.00198042    0.0113196   0.00027269
   0.0064973      1.24969   0.00027269       13.051
 0.000220712    0.0023382 -2.97647e-06   0.00649729
   0.0023382     0.423059  -0.00198042      1.24968
-2.97647e-06  -0.00198042    0.0113196   0.00027269
  0.00649729      1.24968   0.00027269       13.051
 0.000220712    0.0023382 -2.97647e-06   0.00649729
   0.0023382     0.423059  -0.00198042      1.24968
-2.97647e-06  -0.00198042    0.0113196   0.00027269
  0.00649729      1.24968   0.00027269       13.051
 0.000220712    0.0023382 -2.97647e-06   0.00649728
   0.0023382     0.423059  -0.00198042      1.24968
-2.97647e-06  -0.00198042    0.0113196   0.00027269
  0.00649728      1.24968   0.00027269      13.0509
 0.000220712    0.0023382 -2.97647e-06   0.00649728
   0.0023382     0.423059  -0.00198042      1.24968
-2.97647e-06  -0.00198042    0.0113196  0.000272689
  0.00649728      1.24968  0.000272689      13.0509
 0.000220712    0.0023382 -2.97647e-06   0.00649727
   0.0023382     0.423058  -0.00198042      1.24968
-2.97647e-06  -0.00198042    0.0113196  0.000272689
  0.00649727      1.24968  0.000272689      13.0509
 0.000220712    0.0023382 -2.97647e-06   0.00649727
   0.0023382     0.423058  -0.00198042      1.24968
-2.97647e-06  -0.00198042    0.0113196  0.000272689
  0.00649727      1.24968  0.000272689      13.0509
 0.000220712    0.0023382 -2.97648e-06   0.00649726
   0.0023382     0.423058  -0.00198042      1.24968
-2.97648e-06  -0.00198042    0.0113196  0.000272689
  0.00649726      1.24968  0.000272689      13.0509
 0.000220712   0.00233819 -2.97648e-06   0.00649726
  0.00233819     0.423058  -0.00198042      1.24968
-2.97648e-06  -0.00198042    0.0113196  0.000272689
  0.00649726      1.24968  0.000272689      13.0509
 0.000220712   0.00233819 -2.97648e-06   0.00649726
  0.00233819     0.423058  -0.00198042      1.24968
-2.97648e-06  -0.00198042    0.0113196  0.000272689
  0.00649726      1.24968  0.000272689      13.0509
 0.000220712   0.00233819 -2.97648e-06   0.00649726
  0.00233819     0.423058  -0.00198042      1.24968
-2.97648e-06  -0.00198042    0.0113196  0.000272689
  0.00649726      1.24968  0.000272689      13.0509
 0.000220712   0.00233819 -2.97648e-06   0.00649725
  0.00233819     0.423058  -0.00198042      1.24968
-2.97648e-06  -0.00198042    0.0113196  0.000272688
  0.00649725      1.24968  0.000272688      13.0509
 0.000220712   0.00233819 -2.97648e-06   0.00649725
  0.00233819     0.423058  -0.00198042      1.24968
-2.97648e-06  -0.00198042    0.0113196  0.000272688
  0.00649725      1.24968  0.000272688      13.0509
 0.000220712   0.00233819 -2.97648e-06   0.00649725
  0.00233819     0.423058  -0.00198042      1.24968
-2.97648e-06  -0.00198042    0.0113196  0.000272688
  0.00649725      1.24968  0.000272688      13.0509
 0.000220712   0.00233819 -2.97648e-06   0.00649725
  0.00233819     0.423058  -0.00198042      1.24968
-2.97648e-06  -0.00198042    0.0113196  0.000272688
  0.00649725      1.24968  0.000272688      13.0509
 0.000220712   0.00233819 -2.97648e-06   0.00649725
  0.00233819     0.423058  -0.00198042      1.24968
-2.97648e-06  -0.00198042    0.0113196  0.000272688
  0.00649725      1.24968  0.000272688      13.0509
 0.000220712   0.00233819 -2.97648e-06   0.00649725
  0.00233819     0.423057  -0.00198042      1.24968
-2.97648e-06  -0.00198042    0.0113196  0.000272688
  0.00649725      1.24968  0.000272688      13.0509
 0.000220712   0.00233819 -2.97648e-06   0.00649724
  0.00233819     0.423057  -0.00198042      1.24968
-2.97648e-06  -0.00198042    0.0113196  0.000272688
  0.00649724      1.24968  0.000272688      13.0509
 0.000220712   0.00233819 -2.97648e-06   0.00649724
  0.00233819     0.423057  -0.00198042      1.24968
-2.97648e-06  -0.00198042    0.0113196  0.000272688
  0.00649724      1.24968  0.000272688      13.0509
 0.000220712   0.00233819 -2.97648e-06   0.00649724
  0.00233819     0.423057  -0.00198042      1.24968
-2.97648e-06  -0.00198042    0.0113196  0.000272688
  0.00649724      1.24968  0.000272688      13.0509
 0.000220712   0.00233819 -2.97648e-06   0.00649724
  0.00233819     0.423057  -0.00198042      1.24968
-2.97648e-06  -0.00198042    0.0113196  0.000272688
  0.00649724      1.24968  0.000272688      13.0509
 0.000220712   0.00233819 -2.97648e-06   0.00649724
  0.00233819     0.423057  -0.00198042      1.24968
-2.97648e-06  -0.00198042    0.0113196  0.000272688
  0.00649724      1.24968  0.000272688      13.0509
 0.000220712   0.00233819 -2.97648e-06   0.00649724
  0.00233819     0.423057  -0.00198042      1.24968
-2.97648e-06  -0.00198042    0.0113196  0.000272688
  0.00649724      1.24968  0.000272688      13.0509
 0.000220712   0.00233819 -2.97648e-06   0.00649724
  0.00233819     0.423057  -0.00198042      1.24968
-2.97648e-06  -0.00198042    0.0113196  0.000272688
  0.00649724      1.24968  0.000272688      13.0509
 0.000220712   0.00233819 -2.97648e-06   0.00649724
  0.00233819     0.423057  -0.00198042      1.24968
-2.97648e-06  -0.00198042    0.0113196  0.000272688
  0.00649724      1.24968  0.000272688      13.0509
 0.000220712   0.00233819 -2.97648e-06   0.00649724
  0.00233819     0.423057  -0.00198042      1.24968
-2.97648e-06  -0.00198042    0.0113196  0.000272688
  0.00649724      1.24968  0.000272688      13.0509
 0.000220712   0.00233819 -2.97648e-06   0.00649724
  0.00233819     0.423057  -0.00198042      1.24968
-2.97648e-06  -0.00198042    0.0113196  0.000272688
  0.00649724      1.24968  0.000272688      13.0509
 0.000220712   0.00233819 -2.97648e-06   0.00649724
  0.00233819     0.423057  -0.00198042      1.24968
-2.97648e-06  -0.00198042    0.0113196  0.000272688
  0.00649724      1.24968  0.000272688      13.0509
 0.000220712   0.00233819 -2.97648e-06   0.00649724
  0.00233819     0.423057  -0.00198042      1.24968
-2.97648e-06  -0.00198042    0.0113196  0.000272688
  0.00649724      1.24968  0.000272688      13.0509
 0.000220712   0.00233819 -2.97648e-06   0.00649724
  0.00233819     0.423057  -0.00198042      1.24968
-2.97648e-06  -0.00198042    0.0113196  0.000272688
  0.00649724      1.24968  0.000272688      13.0509
 0.000220712   0.00233819 -2.97648e-06   0.00649724
  0.00233819     0.423057  -0.00198042      1.24968
-2.97648e-06  -0.00198042    0.0113196  0.000272688
  0.00649724      1.24968  0.000272688      13.0509
 0.000220712   0.00233819 -2.97648e-06   0.00649724
  0.00233819     0.423057  -0.00198042      1.24968
-2.97648e-06  -0.00198042    0.0113196  0.000272688
  0.00649724      1.24968  0.000272688      13.0509
 0.000220712   0.00233819 -2.97648e-06   0.00649724
  0.00233819     0.423057  -0.00198042      1.24968
-2.97648e-06  -0.00198042    0.0113196  0.000272688
  0.00649724      1.24968  0.000272688      13.0509
 0.000220712   0.00233819 -2.97648e-06   0.00649724
  0.00233819     0.423057  -0.00198042      1.24968
-2.97648e-06  -0.00198042    0.0113196  0.000272688
  0.00649724      1.24968  0.000272688      13.0509
 0.000220712   0.00233819 -2.97648e-06   0.00649724
  0.00233819     0.423057  -0.00198042      1.24968
-2.97648e-06  -0.00198042    0.0113196  0.000272688
  0.00649724      1.24968  0.000272688      13.0509
 0.000220712   0.00233819 -2.97648e-06   0.00649724
  0.00233819     0.423057  -0.00198042      1.24968
-2.97648e-06  -0.00198042    0.0113196  0.000272688
  0.00649724      1.24968  0.000272688      13.0509
 0.000220712   0.00233819 -2.97648e-06   0.00649724
  0.00233819     0.423057  -0.00198042      1.24968
-2.97648e-06  -0.00198042    0.0113196  0.000272688
  0.00649724      1.24968  0.000272688      13.0509
 0.000220712   0.00233819 -2.97648e-06   0.00649724
  0.00233819     0.423057  -0.00198042      1.24968
-2.97648e-06  -0.00198042    0.0113196  0.000272688
  0.00649724      1.24968  0.000272688      13.0509
 0.000220712   0.00233819 -2.97648e-06   0.00649724
  0.00233819     0.423057  -0.00198042      1.24968
-2.97648e-06  -0.00198042    0.0113196  0.000272688
  0.00649724      1.24968  0.000272688      13.0509
 0.000220712   0.00233819 -2.97648e-06   0.00649724
  0.00233819     0.423057  -0.00198042      1.24968
-2.97648e-06  -0.00198042    0.0113196  0.000272688
  0.00649724      1.24968  0.000272688      13.0509
 0.000220712   0.00233819 -2.97648e-06   0.00649724
  0.00233819     0.423057  -0.00198042      1.24968
-2.97648e-06  -0.00198042    0.0113196  0.000272688
  0.00649724      1.24968  0.000272688      13.0509
 0.000220712   0.00233819 -2.97648e-06   0.00649724
  0.00233819     0.423057  -0.00198042      1.24968
-2.97648e-06  -0.00198042    0.0113196  0.000272688
  0.00649724      1.24968  0.000272688      13.0509
 0.000220712   0.00233819 -2.97648e-06   0.00649724
  0.00233819     0.423057  -0.00198042      1.24968
-2.97648e-06  -0.00198042    0.0113196  0.000272688
  0.00649724      1.24968  0.000272688      13.0509
 0.000220712   0.00233819 -2.97648e-06   0.00649724
  0.00233819     0.423057  -0.00198042      1.24968
-2.97648e-06  -0.00198042    0.0113196  0.000272688
  0.00649724      1.24968  0.000272688      13.0509
 0.000220712   0.00233819 -2.97648e-06   0.00649724
  0.00233819     0.423057  -0.00198042      1.24968
-2.97648e-06  -0.00198042    0.0113196  0.000272688
  0.00649724      1.24968  0.000272688      13.0509
 0.000220712   0.00233819 -2.97648e-06   0.00649724
  0.00233819     0.423057  -0.00198042      1.24968
-2.97648e-06  -0.00198042    0.0113196  0.000272688
  0.00649724      1.24968  0.000272688      13.0509
 0.000220712   0.00233819 -2.97648e-06   0.00649724
  0.00233819     0.423057  -0.00198042      1.24968
